0.02642533779144287
27.47135000228882
54.421913146972656
87.85423445701599
112.17004299163818
135.96676318645478
158.74182164669037
189.8993987560272
229.23849170207978
269.20154747962954
284.7521651744843




0.006297564506530762
0.9529952049255371
1.7800972223281861
3.0031993865966795
3.6188590288162232
4.27146360874176
4.825577116012573
5.696722912788391
6.722412943840027
7.797030091285706
8.460949301719666



0.005606913566589355
0.25679266452789307
0.45682003498077395
0.8809911251068115
1.053503155708313
1.1717776775360107
1.3882692098617553
1.7225274085998534
2.119335913658142
2.554673600196838
2.5821725845336916





[0.03131568431854248, 27.552822089195253, 54.389007925987244, 81.46488790512085, 107.35964744091034, 136.1596069574356, 165.92326650619506, 195.16237363815307, 225.5633525133133, 253.45595631599426, 281.585559296608]
[0.5241926193237305, 0.6891811609268188, 0.6098623514175415, 0.6445434331893921, 0.6332319736480713, 0.6781717300415039, 0.9557582616806031, 0.9971645832061767, 1.0485333681106568, 0.9893520593643188, 1.0218728303909301]
[0.5073162317276001, 0.5523295640945435, 0.49825420379638674, 0.48558142185211184, 0.4961255073547363, 0.5936304807662964, 0.5095709562301636, 0.5115216732025146, 0.6425078392028809, 0.5057474851608277, 0.5852689266204834]
